ID: 01
REQ: 22 12 34
RES: 62 12 34 69 51 6D 69 6E 65

ID: 01
REQ: 22 12 35
RES: 62 12 35 01 02 03 04

ID: 02
REQ: 21 11
RES: 61 11 34 69 51 6D 69 6E 65

ID: 02
REQ: 21 12
RES: 61 12 01 02 03 04 05 06 07 08

ID: 01
REQ: 22 21 34
RES: 62 21 34 69 51 6D 69 6E 65

ID: 01
REQ: 22 17 71
RES: 62 17 71 01 02 03 04

ID: 02
REQ: 21 17
RES: 61 17 61 DD 17 17 17

ID: 02
REQ: 21 71
RES: 61 71 61 DD 17 17 17 17

ID: 02
REQ: 21 23
RES: 61 23 17 17 17 17 17

ID: 01
REQ: 22 18 81
RES: 61 18 81 DD 17

ID: 01
REQ: 22 14 56
RES: 61 14 56 4D 44 16 18
